%%%%% libSVM_train:
0	0	0.99993
0	0	2.54833
0	0	1.83397
0	0	1.00036
0	0	2.29101
0	0	1.00002
0	0	2.45086
0	0	1.00002
0	0	0.99990
0	0	1.29490
0	0	1.00000
0	0	0.99977
0	1	-0.42043
0	0	0.38739
0	0	0.76255
0	0	1.86774
0	0	0.99994
0	0	0.99992
0	0	1.29415
0	0	0.99992
0	0	1.61312
0	0	1.35105
0	0	2.87704
0	0	0.99996
0	0	0.99998
0	0	1.06535
0	0	1.00005
0	0	1.21875
0	0	1.52691
0	0	2.12276
0	0	3.21634
0	0	1.79135
0	0	1.18208
0	0	0.99986
0	0	0.99987
0	0	0.99998
0	0	1.00029
0	0	1.00023
0	0	1.77873
0	0	1.00009
0	0	1.00000
0	0	2.90921
0	0	1.00038
0	0	0.99984
0	0	1.41817
0	0	1.44601
0	0	2.82227
0	0	1.29736
0	1	-0.07432
0	0	1.13562
0	0	1.12750
0	0	1.95710
0	0	1.00216
0	0	1.00005
0	0	1.00010
0	0	1.00006
0	0	0.99991
0	0	1.28296
0	0	1.48442
0	0	1.00022
0	0	1.26139
0	0	1.82731
0	0	2.80408
0	0	1.67671
0	0	2.43784
0	0	1.92792
0	0	2.78201
0	0	1.56531
0	0	2.52748
0	0	1.00008
0	0	2.08480
0	0	0.99976
0	0	1.00018
0	0	1.30462
0	0	2.13973
0	0	1.00016
0	0	1.35852
0	0	1.07470
0	0	1.44026
0	0	1.64486
0	0	1.20736
0	0	2.00378
0	0	3.15423
0	0	2.00450
0	0	1.44298
0	0	2.00984
0	0	1.00005
0	0	1.00005
0	0	3.25889
0	0	1.00003
0	0	3.09037
0	0	1.48617
0	0	3.72767
0	0	2.06695
0	0	1.58524
0	0	1.69094
0	0	1.00009
0	0	2.36313
0	0	1.34967
0	0	1.00006
0	0	1.78071
0	0	0.99984
0	0	0.99977
0	0	1.00005
0	0	1.32613
0	0	1.52520
0	0	2.45025
0	0	1.00000
0	0	2.03112
0	0	2.48097
0	0	0.99998
0	0	2.58704
0	0	0.99993
0	0	1.31332
0	0	1.56085
0	0	1.14319
0	0	2.11163
0	0	0.99987
0	0	1.00137
0	0	1.84459
0	0	0.99992
0	0	2.78703
0	0	2.50479
0	0	1.92409
0	0	1.47557
0	0	0.99994
0	1	-0.12511
0	0	0.99999
0	0	1.52811
0	0	0.99979
0	0	1.90382
0	0	1.00013
0	0	1.01429
0	0	1.79928
0	0	1.00004
0	0	1.73370
0	0	0.99992
0	0	2.31298
0	0	0.99993
0	0	2.15814
0	0	3.00187
0	0	1.34612
0	0	1.00020
0	0	1.19914
0	0	1.26645
0	0	2.67552
0	0	1.32689
0	0	2.34122
0	0	1.06305
0	0	1.00006
0	0	1.97744
0	0	1.37058
0	0	1.58392
0	0	1.80101
0	0	2.09380
0	0	1.79186
0	0	1.94676
0	0	1.20636
0	0	0.99975
0	0	2.36353
0	0	1.45908
0	0	1.00026
0	0	1.00717
0	0	0.99984
0	0	1.70250
0	0	1.00018
0	0	1.00022
0	0	1.11668
0	0	3.77382
0	0	1.49826
0	0	1.28559
0	0	1.29862
0	0	1.48798
0	0	1.14375
0	0	0.99988
0	0	3.36593
0	0	1.92328
0	0	1.16965
0	0	1.00028
0	0	2.94583
0	0	4.12166
0	0	3.28341
0	0	2.12289
0	0	1.00005
0	0	2.19258
0	0	2.50946
0	0	2.02599
0	0	3.03690
0	0	1.92690
0	0	0.99994
0	0	1.08771
0	0	1.40733
0	0	0.99972
0	0	1.62983
0	0	2.52813
0	0	1.03865
0	0	2.99071
0	0	1.69133
0	0	1.00006
0	0	1.98809
0	0	2.73972
0	0	1.15534
0	0	0.99984
0	0	0.99993
0	0	2.27250
0	0	1.73689
0	0	2.06546
0	0	1.07939
0	0	0.99987
0	0	1.68998
0	0	1.97337
0	0	2.34428
0	0	0.99991
0	0	2.43932
0	0	1.00011
0	0	1.00007
0	0	1.00014
0	0	1.17956
0	0	1.00030
0	0	0.99993
0	0	2.34452
0	0	1.32358
0	0	1.28797
0	0	0.99978
0	0	1.82128
0	0	1.71897
0	0	2.70405
0	0	1.31437
0	0	1.00000
0	0	1.19019
0	0	0.99989
0	0	1.51957
0	0	3.57545
0	0	1.09934
0	0	1.74730
0	0	0.99992
0	0	3.58209
0	0	0.99998
0	0	2.93999
0	0	4.03751
0	0	1.39226
0	0	1.00000
0	0	0.99996
0	0	1.00006
0	0	1.30319
0	0	1.16979
0	0	1.57245
0	0	1.22163
0	0	1.98086
0	0	5.61645
0	0	1.00011
0	0	1.28211
0	0	1.18257
0	0	0.99975
0	0	1.54606
0	0	3.01033
0	0	4.59476
0	0	2.87148
0	0	1.00013
0	0	1.95072
0	0	1.07742
0	0	1.00014
0	0	0.99990
0	0	1.08269
0	0	0.99979
0	0	1.54630
0	0	1.00003
0	0	1.10769
0	0	1.00004
0	0	1.00006
0	0	1.65742
0	0	2.30906
0	0	1.16124
0	0	1.55082
0	0	0.99988
0	0	1.00000
0	0	3.22540
0	0	1.00000
0	0	1.25894
0	0	3.05998
0	0	1.00002
0	0	1.90079
0	0	1.09233
0	0	1.05400
0	0	1.00021
0	0	1.41947
0	0	1.00005
0	0	1.34148
0	0	1.89862
0	0	1.55460
0	0	2.11382
0	0	1.00005
0	0	1.03825
0	0	1.82663
0	0	3.38957
0	0	1.46335
0	0	1.12322
0	0	1.10954
0	0	1.00004
0	0	0.99982
0	0	1.96938
0	0	2.02367
0	0	2.47435
0	0	0.99985
0	0	1.04825
0	0	3.77414
0	0	2.46708
0	0	1.50471
0	0	0.99990
0	0	2.04711
0	0	1.87065
0	0	1.46630
0	0	1.00019
0	0	1.84487
0	0	2.73235
0	0	2.53309
0	0	0.99997
0	0	0.99988
0	0	1.00004
0	0	2.39996
0	0	1.44678
0	0	1.00002
0	0	0.99991
0	0	1.09733
0	0	2.32733
0	0	1.00007
0	0	1.22740
0	0	1.13602
0	0	3.37403
0	0	1.40992
0	0	1.58038
0	0	1.88056
0	0	1.48013
0	0	1.92162
0	0	2.50411
0	0	0.99993
0	0	2.51888
0	0	2.88147
0	0	1.63258
0	0	1.30309
0	0	0.99986
0	0	2.94317
0	0	1.00006
0	0	2.81829
0	0	1.80904
0	0	1.00068
0	0	2.07127
0	0	2.19519
0	0	0.99980
0	0	2.27841
0	0	1.00004
0	0	2.79441
0	0	3.22203
0	0	1.08890
0	0	3.82936
0	0	1.00006
0	0	1.23228
0	0	4.03425
0	0	1.06209
0	0	1.51576
0	0	3.33926
0	0	2.76406
0	0	2.70629
0	0	1.09578
0	0	1.38473
0	0	1.51300
0	0	0.99994
0	0	1.06957
0	0	2.17789
0	0	2.76581
0	0	1.35297
0	0	2.96581
0	0	0.99977
0	0	2.32324
0	0	1.62918
0	0	1.00018
0	0	0.99999
0	0	1.03731
0	0	1.92143
0	0	1.11244
0	0	1.00003
0	0	2.20570
0	0	1.05265
0	0	0.99983
0	0	1.95723
0	0	2.50309
0	0	1.42856
0	0	1.63911
0	0	1.39270
0	0	1.68605
0	0	1.38243
0	0	1.57312
0	0	1.93158
0	0	3.11478
0	0	2.97794
0	0	2.94191
0	0	0.99990
0	0	1.00019
0	0	1.94069
0	0	1.23795
0	0	1.00012
0	0	2.47159
0	0	2.94257
0	0	1.97677
0	0	2.53650
0	0	2.71063
0	0	1.80778
0	0	2.52906
0	0	1.91101
0	0	1.00014
0	0	2.03417
0	0	0.99993
0	0	2.17202
0	0	1.31748
0	0	1.05313
0	0	0.99997
0	0	1.36211
0	0	0.99985
0	0	1.45438
0	0	1.50472
0	0	1.23625
0	0	2.27761
0	0	0.99977
0	0	1.11498
0	0	1.00019
0	0	1.48835
0	0	1.88985
0	0	1.24254
0	0	1.03359
0	0	2.54917
0	0	2.96249
0	0	1.05420
0	0	0.99989
0	0	2.06714
0	0	1.41238
0	0	1.00011
0	0	1.11524
0	0	1.06243
0	0	1.02732
0	0	1.67680
0	0	2.05687
0	0	2.34132
0	0	1.56284
0	0	2.17716
0	0	1.49722
0	0	2.06506
0	0	1.00023
0	0	1.72542
0	0	1.00012
0	0	0.99990
0	0	1.43494
0	0	1.82756
0	0	1.00021
0	0	0.99983
0	0	2.87188
0	0	2.00765
0	0	1.04051
0	0	1.00009
0	0	1.47732
0	0	2.13009
0	0	2.42290
0	0	2.35307
0	0	1.00016
0	0	0.99990
0	0	3.45869
0	0	1.00010
0	0	2.88061
0	0	0.99978
0	0	1.69683
0	0	1.00002
0	0	3.35946
0	0	1.48408
0	0	1.74376
0	0	2.74466
0	0	2.06634
0	0	1.33526
0	0	2.30818
0	0	1.74095
0	0	1.95848
0	0	0.99977
0	0	1.00014
0	0	1.24697
0	0	3.58221
0	0	1.63047
0	0	0.99984
0	0	1.00018
0	0	0.99983
0	0	0.99990
0	0	3.70036
0	0	1.00000
0	0	2.78019
0	0	1.16092
0	0	1.22898
0	0	1.91333
0	0	1.63540
0	0	1.00006
0	0	0.99982
0	0	0.99998
0	0	1.44351
0	0	1.15737
0	0	1.28076
0	0	0.99997
0	0	1.27325
0	0	1.84385
0	0	0.99991
0	0	1.92240
0	0	0.99982
0	0	1.00009
0	0	2.54711
0	0	1.57090
0	0	3.06472
0	0	2.19186
0	0	1.00005
0	0	1.71470
0	0	1.69321
0	0	1.00020
0	0	0.99973
0	0	1.16217
0	0	1.95146
0	0	1.06860
0	0	1.21406
0	0	1.14536
0	0	1.35838
0	0	2.21136
0	0	1.02999
0	0	1.00010
0	0	2.45780
0	0	1.00357
0	0	1.18638
0	0	2.75166
0	0	1.32779
0	0	2.89918
0	0	1.55419
0	0	1.56602
0	0	1.00022
0	0	1.00019
0	0	1.00016
0	0	0.99983
0	0	1.32327
0	0	1.39761
0	0	1.21775
0	0	1.50214
0	0	1.73005
0	0	1.89487
0	0	0.99981
0	0	2.35700
0	0	0.99979
0	0	2.10979
0	0	1.50352
0	0	1.50024
0	0	2.86582
0	0	2.45656
0	0	1.29475
0	0	3.34264
0	0	2.80287
0	0	2.55605
0	0	2.76088
0	0	1.68938
0	0	1.67107
0	0	1.39424
0	0	1.00015
0	0	1.42127
0	0	1.50028
0	0	1.62914
0	0	1.62767
0	0	1.84565
0	0	2.07721
0	0	2.55718
0	0	1.77238
0	0	1.12802
0	0	1.74900
0	0	2.35787
0	0	0.99995
0	0	1.68190
0	0	0.99985
0	0	2.09125
0	0	1.89891
0	0	1.30818
0	0	2.53109
0	0	1.00026
0	0	1.41150
0	0	1.38641
0	0	0.99996
0	0	3.27187
0	0	2.23116
0	0	1.37662
0	0	2.69120
0	0	1.94082
0	0	1.00011
0	0	1.00013
0	0	1.09735
0	0	1.72763
0	0	0.99990
0	0	0.99985
0	0	1.08056
0	0	1.40681
0	0	1.47944
0	0	1.01042
0	0	0.99996
0	0	1.31620
0	0	0.99981
0	0	1.59474
0	0	2.06627
0	0	1.00007
0	0	0.99999
0	0	1.88476
0	0	2.24341
0	0	2.30237
0	0	2.34110
0	0	2.40154
0	0	2.12004
0	0	0.99979
0	0	0.99988
0	0	1.88310
0	0	0.99986
0	0	1.00005
0	0	1.00023
0	0	0.99981
0	0	1.01566
0	0	0.99978
0	0	1.79224
0	0	2.58629
0	0	2.92849
0	0	0.99991
0	0	1.39464
0	0	2.06067
0	0	1.35704
0	0	1.00014
0	0	1.65551
0	0	0.99993
0	0	3.25563
0	0	3.44600
0	0	3.88562
0	0	1.90394
0	0	1.92442
0	0	1.74038
0	0	2.62187
0	0	2.01499
0	0	2.25786
0	0	2.59900
0	0	1.00005
0	0	1.00000
0	0	2.21918
0	0	2.07019
0	0	0.99984
0	0	1.03218
0	0	2.93365
0	0	1.84752
0	0	2.13341
0	0	5.51046
0	0	1.15688
0	0	1.00026
0	0	1.27575
0	0	1.00004
0	0	0.99980
0	0	1.94674
0	0	0.99993
0	0	2.58150
0	0	2.24277
0	0	2.60005
0	0	2.02583
0	0	3.13200
0	0	1.11309
0	0	1.05147
0	0	2.51957
0	0	1.86986
0	0	1.78128
0	0	1.00051
0	0	3.18328
0	0	1.00024
0	0	1.00007
0	0	1.19698
0	0	1.08144
0	0	3.01967
0	0	1.00008
0	0	2.44203
0	0	1.40570
0	0	2.39432
0	0	1.15928
0	0	1.98720
0	0	3.20957
0	0	1.34812
0	0	3.07319
0	0	2.42426
0	0	0.99977
0	0	1.95181
0	0	1.36985
0	0	1.00013
0	0	0.99993
0	0	1.00002
0	0	1.55953
0	0	2.19251
0	0	1.28484
0	0	2.33641
0	0	1.96302
0	0	1.00024
0	0	1.59303
0	0	1.95307
0	0	1.06450
0	0	1.21947
0	0	2.44177
0	0	1.30817
0	0	1.23880
0	0	1.98802
0	0	0.99999
0	0	1.32769
0	0	2.14436
0	0	2.24412
0	0	2.57356
0	0	0.99991
0	0	0.99998
0	0	2.74243
0	0	0.99992
0	0	2.10227
0	0	0.99995
0	0	2.66554
0	0	1.90343
0	0	1.03145
0	0	0.99983
0	0	1.75017
0	0	1.78569
0	0	2.16728
0	0	1.75327
0	0	4.20441
0	0	0.99991
0	0	1.62610
0	0	0.99987
0	0	0.99991
0	0	1.06771
0	0	0.99993
0	0	1.66551
0	0	1.39555
0	0	1.35953
0	0	1.26062
0	0	1.62745
0	0	0.99992
0	0	2.26459
0	0	0.99985
0	0	2.35779
0	0	1.86158
0	0	1.27000
0	0	3.06618
0	0	2.09584
0	0	1.64287
0	0	0.99994
0	0	2.50260
0	0	1.04956
0	0	1.20451
0	0	1.00012
0	0	1.27524
0	0	1.10451
0	0	1.98349
0	0	0.99982
0	0	1.00011
0	0	1.00000
0	0	2.75798
0	0	1.00013
0	0	1.84478
0	0	2.03607
0	0	2.52600
0	0	3.73231
0	0	2.02814
0	0	2.87392
0	0	2.11641
0	0	0.99997
0	0	3.18459
0	0	1.23964
0	0	0.99981
0	0	1.97025
0	0	2.01484
0	0	1.24763
0	0	2.15116
0	0	0.99976
0	0	2.19602
0	0	2.52356
0	0	1.30378
0	0	1.11695
0	0	2.65183
0	0	1.34073
0	0	1.00024
0	0	1.93140
0	0	2.10681
0	0	1.48934
0	0	1.37663
0	0	1.65862
0	0	0.99979
0	0	0.99978
0	0	1.00014
0	0	1.76764
0	0	3.29567
0	0	0.99986
0	0	1.00020
0	0	0.99982
0	0	1.68532
0	0	1.00015
0	0	1.00005
0	0	1.40057
0	0	1.15288
0	0	1.38648
0	0	2.13589
0	0	1.96602
0	0	1.21036
0	0	2.45560
0	0	0.99987
0	0	1.34343
0	0	2.13771
0	0	1.28400
0	0	2.88418
0	0	1.11238
0	0	0.99997
0	0	1.00009
0	0	1.00022
0	0	1.00025
0	0	0.99991
0	0	1.34429
0	0	0.99981
0	0	0.99996
0	0	1.01717
0	0	1.11928
0	0	0.99978
0	0	1.54998
0	0	0.99989
0	0	2.25201
0	0	1.87886
0	0	1.00012
0	0	2.08961
0	0	0.99988
0	0	0.99981
0	0	1.00021
0	0	1.04348
0	0	1.00010
0	0	1.00019
0	0	1.62076
0	0	1.00014
0	0	0.99996
0	0	1.68857
0	0	2.78655
0	0	3.07956
0	0	0.99968
0	0	2.32324
0	0	1.53113
0	0	1.97099
0	0	1.13030
0	0	0.99988
0	0	1.35105
0	0	1.77612
0	0	1.68787
0	0	2.03013
0	0	0.99974
0	0	2.99274
0	0	1.94278
0	0	1.86018
0	0	0.99995
0	0	1.00021
0	0	2.07171
0	0	1.71274
0	0	1.43166
0	0	2.46404
0	0	2.02604
0	0	0.99988
0	0	3.49345
0	0	2.71733
0	0	1.39442
0	0	1.80546
0	0	1.72033
0	0	1.82956
0	0	1.75162
0	0	2.78002
0	0	0.99984
0	0	1.42995
0	0	0.99981
0	0	0.99986
0	0	2.08317
0	0	1.05359
0	0	4.31511
0	0	1.48392
0	0	2.41031
0	0	1.10771
0	0	2.97707
0	0	0.99978
0	0	1.91276
0	0	1.00010
0	0	1.43221
0	0	1.56617
0	0	3.13237
0	0	1.23445
0	0	1.35179
0	0	2.64687
0	0	1.19639
0	0	1.35395
0	0	0.99990
0	0	1.46492
0	0	1.70885
0	0	3.48161
0	0	5.33187
0	0	0.99978
0	0	2.07219
0	0	1.37087
0	0	1.83598
0	0	1.33962
1	1	-2.10340
1	1	-1.69598
1	1	-1.44337
1	1	-1.78860
1	1	-1.42160
1	1	-4.55115
1	1	-1.07431
1	1	-1.00004
1	1	-2.60739
1	1	-1.49552
1	1	-0.42043
1	0	0.38739
1	0	0.76255
1	1	-1.82774
1	1	-1.04166
1	1	-0.99965
1	1	-1.36543
1	1	-1.00000
1	1	-2.29966
1	1	-1.00003
1	1	-1.71888
1	1	-1.94747
1	1	-1.70195
1	1	-1.51551
1	1	-1.49703
1	1	-1.56944
1	1	-2.74744
1	1	-2.84102
1	1	-1.63227
1	1	-1.90625
1	1	-1.60849
1	1	-0.99967
1	1	-3.69966
1	1	-1.47598
1	1	-3.53063
1	1	-1.41561
1	1	-0.99985
1	1	-1.53424
1	1	-2.06684
1	1	-0.07432
1	1	-3.82246
1	1	-1.70064
1	1	-1.00022
1	1	-1.57325
1	1	-0.99994
1	1	-0.99998
1	1	-3.62876
1	1	-1.26862
1	1	-4.10256
1	1	-0.99970
1	1	-0.99990
1	1	-2.99654
1	1	-1.39619
1	1	-1.21417
1	1	-1.43709
1	1	-2.58777
1	1	-2.03578
1	1	-1.00016
1	1	-1.00026
1	1	-2.75822
1	1	-1.00001
1	1	-1.00007
1	1	-1.45677
1	1	-1.00005
1	1	-1.78784
1	1	-1.01572
1	1	-1.71674
1	1	-0.99981
1	1	-1.61315
1	1	-1.29945
1	1	-1.00008
1	1	-1.45390
1	1	-2.15913
1	1	-1.00023
1	1	-0.99968
1	1	-1.00010
1	1	-1.67864
1	1	-2.22574
1	1	-2.13311
1	1	-1.00020
1	1	-1.10767
1	1	-1.74466
1	1	-1.60634
1	1	-1.30806
1	1	-1.09318
1	1	-1.52405
1	1	-3.20496
1	1	-1.32680
1	1	-2.92035
1	1	-0.99999
1	1	-0.12511
1	1	-0.99991
1	1	-1.61212
1	1	-2.32707
1	1	-0.99998
1	1	-1.31957
1	1	-1.00644
1	1	-1.00002
1	1	-1.44958
1	1	-1.10146
1	1	-1.02508
1	1	-1.44958
1	1	-1.26289
1	1	-1.12162
1	1	-0.99987
1	1	-3.74514
1	1	-1.30900
1	1	-2.14188
1	1	-1.96920
1	1	-1.43642
1	1	-1.23887
1	1	-1.34853
1	1	-2.70457
1	1	-2.20959
1	1	-1.22561
1	1	-0.99962
1	1	-1.88393
1	1	-2.51310
1	1	-1.40682
1	1	-1.77986
1	1	-1.00014
1	1	-0.99985
1	1	-1.00002
1	1	-2.30762
1	1	-1.11651
1	1	-2.12497
1	1	-2.07510
1	1	-1.94777
1	1	-4.25279
1	1	-1.52725
1	1	-1.00000
1	1	-2.72120
1	1	-1.00020
1	1	-1.00010
1	1	-0.99997
1	1	-2.49393
1	1	-2.28665
1	1	-1.00012
1	1	-0.99991
1	1	-1.48504
1	1	-1.64299
1	1	-1.13452
1	1	-2.26829
1	1	-0.99978
1	1	-1.00231
1	1	-2.89824
1	1	-1.00029
1	1	-0.99972
1	1	-1.00013
1	1	-0.99980
1	1	-1.20205
1	1	-1.00003
1	1	-2.15217
1	1	-1.20656
1	1	-1.00001
1	1	-2.53340
1	1	-1.22776
1	1	-1.71370
1	1	-1.90273
1	1	-2.69359
1	1	-1.52782
1	1	-0.99990
1	1	-1.00015
1	1	-0.99974
1	1	-1.62557
1	1	-2.06083
1	1	-1.62163
1	1	-1.49185
1	1	-4.07193
1	1	-2.43307
1	1	-1.23952
1	1	-1.00007
1	1	-2.75368
1	1	-0.99985
1	1	-1.37054
1	1	-1.52723
1	1	-2.20328
1	1	-2.41914
1	1	-1.36014
1	1	-1.50296
1	1	-1.07248
1	1	-0.99992
1	1	-1.06926
1	1	-3.06458
1	1	-1.57376
1	1	-1.93486
1	1	-1.00013
1	1	-1.75172
1	1	-1.00011
1	1	-2.45936
1	1	-2.03125
1	1	-1.66674
1	1	-1.50127
1	1	-0.99993
1	1	-2.32930
1	1	-0.99995
1	1	-1.13214
1	1	-4.34343
1	1	-1.17310
1	1	-3.23070
1	1	-4.06227
1	1	-1.44541
1	1	-0.99986
1	1	-2.07845
1	1	-1.63735
1	1	-1.00005
1	1	-1.48305
1	1	-2.84354
1	1	-1.95699
1	1	-1.33229
1	1	-0.99961
1	1	-1.00003
1	1	-1.98264
1	1	-1.84159
1	1	-1.00015
1	1	-1.64800
1	1	-0.99979
1	1	-2.17337
1	1	-3.13479
1	1	-0.99970
1	1	-2.18243
1	1	-1.67978
1	1	-1.22906
1	1	-1.00008
1	1	-1.88700
1	1	-1.51063
1	1	-1.62329
1	1	-1.50092
1	1	-2.00797
1	1	-2.02257
1	1	-0.99973
1	1	-1.73246
1	1	-2.34322
1	1	-1.16045
1	1	-0.99989
1	1	-1.75917
1	1	-1.00017
1	1	-1.32210
1	1	-0.99999
1	1	-1.00011
1	1	-2.94156
1	1	-2.32039
1	1	-2.53384
1	1	-2.13365
1	1	-1.79237
1	1	-1.87994
1	1	-0.99981
1	1	-1.00019
1	1	-1.70323
1	1	-2.22077
1	1	-1.04108
1	1	-1.00004
1	1	-2.01229
1	1	-2.14593
1	1	-2.63742
1	1	-3.33136
1	1	-2.11377
1	1	-0.99992
1	1	-1.00008
1	1	-1.00636
1	1	-1.05286
1	1	-1.17486
1	1	-2.79935
1	1	-1.53939
1	1	-1.26196
1	1	-1.00012
1	1	-1.82981
1	1	-1.60320
1	1	-2.28840
1	1	-0.99978
1	1	-1.00002
1	1	-1.75078
1	1	-1.24252
1	1	-1.00001
1	1	-1.51718
1	1	-0.99997
1	1	-1.46366
1	1	-1.00021
1	1	-1.23686
1	1	-1.95203
1	1	-1.00024
1	1	-2.35520
1	1	-1.90390
1	1	-1.62770
1	1	-1.37287
1	1	-1.77092
1	1	-0.99982
1	1	-2.36326
1	1	-1.00013
1	1	-1.22242
1	1	-1.18712
1	1	-0.99987
1	1	-1.60380
1	1	-1.00004
1	1	-0.99998
1	1	-1.38328
1	1	-2.25025
1	1	-1.00015
1	1	-1.47831
1	1	-1.93469
1	1	-2.10900
1	1	-1.00018
1	1	-1.00008
1	1	-2.17841
1	1	-1.15947
1	1	-1.14105
1	1	-1.19560
1	1	-0.99974
1	1	-1.00023
1	1	-1.29639
1	1	-2.77444
1	1	-2.77444
1	1	-2.77444
1	1	-1.59039
1	1	-3.73090
1	1	-2.21611
1	1	-2.85923
1	1	-0.99938
1	1	-1.00014
1	1	-1.19499
1	1	-0.99997
1	1	-3.74042
1	1	-1.00011
1	1	-2.03089
1	1	-1.05246
1	1	-1.25117
1	1	-0.99994
1	1	-0.99999
1	1	-1.00004
1	1	-1.48436
1	1	-1.92597
1	1	-1.00005
1	1	-1.00006
1	1	-4.50534
1	1	-1.44110
1	1	-0.99999
1	1	-2.16603
1	1	-2.71465
1	1	-2.11834
1	1	-1.42681
1	1	-1.18718
1	1	-1.00002
1	1	-1.63907
1	1	-1.22702
1	1	-1.11289
1	1	-1.00005
1	1	-1.27906
1	1	-2.25845
1	1	-1.00000
1	1	-0.99970
1	1	-1.89862
1	1	-1.32079
1	1	-2.00052
1	1	-0.99990
1	1	-1.67584
1	1	-2.68682
1	1	-1.94228
1	1	-0.99983
1	1	-1.00001
1	1	-1.00006
1	1	-1.00023
1	1	-4.77230
1	1	-0.99987
1	1	-1.10761
1	1	-1.35988
1	1	-1.94875
1	1	-1.06997
1	1	-1.93619
1	1	-1.91873
1	1	-1.38234
1	1	-2.98040
1	1	-1.96371
1	1	-1.48442
1	1	-2.19334
1	1	-2.04991
1	1	-0.99986
1	1	-1.44395
1	1	-1.21732
1	1	-0.99987
1	1	-1.00001
1	1	-2.38633
1	1	-1.98352
1	1	-3.08880
1	1	-3.08895
1	1	-2.70319
1	1	-1.26197
1	1	-2.89189
1	1	-1.66653
1	1	-1.28354
1	1	-0.99990
1	1	-1.02611
1	1	-1.01397
1	1	-1.50999
1	1	-1.24832
1	1	-2.92223
1	1	-1.73702
1	1	-1.73247
1	1	-1.89349
1	1	-1.24010
1	1	-1.11418
1	1	-3.67199
1	1	-1.31810
1	1	-1.04454
1	1	-2.58118
1	1	-2.33484
1	1	-1.23584
1	1	-1.14517
1	1	-2.01460
1	1	-1.00012
1	1	-2.21988
1	1	-1.77935
1	1	-2.64865
1	1	-0.99997
1	1	-1.87352
1	1	-1.09258
1	1	-3.24376
1	1	-1.92010
1	1	-1.56329
1	1	-1.56526
1	1	-1.00014
1	1	-1.83594
1	1	-1.29333
1	1	-1.25746
1	1	-1.78866
1	1	-1.44582
1	1	-0.99996
1	1	-1.00014
1	1	-1.00013
1	1	-0.99995
1	1	-0.99998
1	1	-1.15251
1	1	-1.41580
1	1	-0.99980
1	1	-1.00194
1	1	-0.99995
1	1	-1.42622
1	1	-1.12055
1	1	-0.99977
1	1	-1.65312
1	1	-2.27362
1	1	-0.99996
1	1	-1.25309
1	1	-2.25688
1	1	-2.22345
1	1	-1.67483
1	1	-0.99965
1	1	-1.32749
1	1	-1.81137
1	1	-1.14383
1	1	-2.07387
1	1	-1.00018
1	1	-1.97736
1	1	-0.99987
1	1	-1.00010
1	1	-1.77647
1	1	-1.00014
1	1	-1.29667
1	1	-0.99968
1	1	-1.46833
1	1	-2.70175
1	1	-1.00012
1	1	-2.22811
1	1	-1.96669
1	1	-1.35261
1	1	-2.93075
1	1	-1.65990
1	1	-1.15547
1	1	-1.02809
1	1	-2.02920
1	1	-1.84114
1	1	-1.23473
1	1	-1.83282
1	1	-1.65696
1	1	-1.00008
1	1	-1.00003
1	1	-1.78296
1	1	-2.39624
1	1	-1.00003
1	1	-2.45431
1	1	-0.99994
1	1	-1.00020
1	1	-1.28213
1	1	-2.92547
1	1	-0.99992
1	1	-1.50744
1	1	-1.80683
1	1	-1.00002
1	1	-2.10926
1	1	-0.99972
1	1	-1.00003
1	1	-1.24979
1	1	-2.85183
1	1	-1.00011
1	1	-2.23350
1	1	-1.00019
1	1	-1.20872
1	1	-2.25750
1	1	-2.25750
1	1	-2.40273
1	1	-1.75025
1	1	-3.68779
1	1	-2.62238
1	1	-2.58189
1	1	-0.99977
1	1	-1.00011
1	1	-2.68756
1	1	-2.77444
1	1	-1.30662
1	1	-2.57140
1	1	-1.59656
1	1	-2.25474
1	1	-1.87655
1	1	-1.99055
1	1	-1.76520
1	1	-2.08921
1	1	-1.00024
1	1	-1.00024
1	1	-3.31962
1	1	-2.80333
1	1	-1.87833
1	1	-1.21961
1	1	-1.89866
1	1	-0.99993
1	1	-0.99982
1	1	-1.19406
1	1	-1.17699
1	1	-2.29311
1	1	-2.70195
1	1	-2.95698
1	1	-3.02598
1	1	-1.51991
1	1	-2.96585
1	1	-0.99992
1	1	-1.62796
1	1	-0.99991
1	1	-1.00020
1	1	-0.99985
1	1	-2.92006
1	1	-1.00006
1	1	-1.00001
1	1	-3.99425
1	1	-1.33409
1	1	-2.55184
1	1	-3.07816
1	1	-1.44709
1	1	-1.33409
1	1	-1.88068
1	1	-1.74346
1	1	-1.38143
1	1	-2.38545
1	1	-1.13296
1	1	-1.72745
1	1	-1.33657
1	1	-1.00008
1	1	-1.07745
1	1	-1.00020
1	1	-1.32639
1	1	-1.00014
1	1	-0.99968
1	1	-1.77243
1	1	-1.16614
1	1	-1.49900
1	1	-3.71215
1	1	-2.43397
1	1	-1.00015
1	1	-0.99987
1	1	-1.03314
1	1	-0.99990
1	1	-1.37286
1	1	-1.76113
1	1	-1.03237
1	1	-1.58835
1	1	-1.72801
1	1	-1.56263
1	1	-2.24139
1	1	-0.99942
1	1	-1.44870
1	1	-1.15016
1	1	-2.01573
1	1	-2.01170
1	1	-1.60575
1	1	-1.00011
1	1	-1.67086
1	1	-2.38244
1	1	-3.03562
1	1	-1.03634
1	1	-2.06446
1	1	-1.00020
1	1	-1.23759
1	1	-1.00000
1	1	-1.52857
1	1	-1.55350
1	1	-0.99992
1	1	-1.08896
1	1	-1.00011
1	1	-1.65702
1	1	-1.05648
1	1	-1.00020
1	1	-1.00003
1	1	-1.66158
1	1	-0.99976
1	1	-1.00002
1	1	-2.09891
1	1	-2.77108
1	1	-1.96343
1	1	-1.00021
1	1	-1.00017
1	1	-0.99996
1	1	-4.06552
1	1	-2.68198
1	1	-2.02520
1	1	-1.49119
1	1	-1.46171
1	1	-0.99991
1	1	-2.16919
1	1	-1.65455
1	1	-1.39836
1	1	-0.99972
1	1	-1.93784
1	1	-1.54471
1	1	-1.00018
1	1	-1.37707
1	1	-2.66658
1	1	-1.52697
1	1	-1.45819
1	1	-1.84046
1	1	-1.00001
1	1	-0.99985
1	1	-0.99978
1	1	-1.01699
1	1	-1.27993
1	1	-1.62432
1	1	-2.52654
1	1	-1.56938
1	1	-1.00020
1	1	-1.88697
1	1	-2.39528
1	1	-3.35406
1	1	-1.25646
1	1	-1.54650
1	1	-1.70498
1	1	-1.49357
1	1	-1.72158
1	1	-0.99996
1	1	-2.10552
1	1	-1.11320
1	1	-1.94218
1	1	-1.00021
1	1	-3.40094
1	1	-1.98127
1	1	-2.38930
1	1	-0.99975
1	1	-1.27361
1	1	-2.32590
1	1	-1.14559
1	1	-2.89099
1	1	-1.00000
1	1	-3.92073
1	1	-4.59325
1	1	-1.69988
1	1	-1.30122
1	1	-1.66700
1	1	-1.78057
1	1	-1.29176
1	1	-1.00015
1	1	-1.22030
1	1	-2.49811
1	1	-1.39296
1	1	-2.15754
1	1	-1.32066
1	1	-2.48681
1	1	-1.10820
1	1	-1.00013
1	1	-3.08868
1	1	-1.35382
1	1	-1.26965
1	1	-1.09763
1	1	-0.99990
1	1	-1.10983
1	1	-1.16473
1	1	-1.00013
1	1	-1.70739
1	1	-0.99993
1	1	-1.62546
1	1	-3.50984
1	1	-2.34306
1	1	-0.99996
1	1	-1.00017
1	1	-0.99997
1	1	-1.76465
1	1	-1.56419
1	1	-1.50364
1	1	-1.09195
1	1	-1.53806
1	1	-2.28020
1	1	-1.34043
1	1	-1.30347
1	1	-1.74173
1	1	-2.61652
1	1	-3.71987
1	1	-1.87179
1	1	-1.54901
1	1	-1.51839
1	1	-2.03204
1	1	-1.38474
1	1	-1.91687
1	1	-1.00003
1	1	-1.14927
1	1	-2.37467
1	1	-1.00008
1	1	-1.96549
1	1	-0.99966
1	1	-1.05887
1	1	-0.99990
1	1	-1.13981
1	1	-2.38894
1	1	-1.12233
1	1	-3.12497
1	1	-1.00008
1	1	-1.35754
1	1	-1.00015
1	1	-1.00019
1	1	-4.43313
1	1	-1.43034
1	1	-0.99988
1	1	-2.12408
1	1	-1.41340
1	1	-1.00017
1	1	-1.68894
1	1	-1.00013
1	1	-3.28105
1	1	-1.51291
1	1	-1.86251
1	1	-1.11001
1	1	-0.99975
1	1	-1.00002
1	1	-1.28784
1	1	-2.24657
1	1	-0.99995
1	1	-0.99995
1	1	-3.01757
1	1	-1.15973
1	1	-1.14538
1	1	-0.99995
1	1	-1.47512
1	1	-1.66426
1	1	-0.99978
1	1	-2.04538
1	1	-2.64289
1	1	-1.13683
1	1	-1.27845
1	1	-1.00011
1	1	-1.08919
1	1	-1.03453
1	1	-1.65022
1	1	-1.00011
1	1	-2.25667
1	1	-1.06784
1	1	-1.76490
1	1	-2.22073
1	1	-1.00018
1	1	-1.00002
1	1	-1.61769
1	1	-0.99986
1	1	-3.40834
1	1	-1.10646
1	1	-1.05243
1	1	-1.87783
1	1	-1.86795
1	1	-1.00004
1	1	-0.99979
1	1	-1.74657
1	1	-2.04958
1	1	-1.00026
1	1	-1.27425
1	1	-0.99990
1	1	-0.99962
1	1	-2.15377
1	1	-3.03538
1	1	-1.27405
1	1	-1.71133
1	1	-1.78471
1	1	-0.99996
1	1	-1.47569
1	1	-2.56858
1	1	-0.99984
1	1	-0.99996
1	1	-1.96769
1	1	-3.16822
1	1	-3.61573
1	1	-1.35700
1	1	-2.19463
1	1	-1.68821
1	1	-0.99977
1	1	-1.00014
1	1	-1.00019
1	1	-1.00012
1	1	-1.58339
1	1	-2.59339
1	1	-2.36130
1	1	-2.85313
1	1	-1.72750
1	1	-2.05056
1	1	-4.28283
1	1	-2.05993
1	1	-1.78264
1	1	-5.04688
1	1	-1.00005
1	1	-2.32967
1	1	-1.00021
1	1	-1.81387
1	1	-1.00002
1	1	-1.32482
1	1	-0.99996
1	1	-2.36044
1	1	-1.00005
1	1	-0.99998
1	1	-1.83458
1	1	-1.48023
1	1	-1.76183
1	1	-1.36170
1	1	-2.10565
1	1	-1.42247
1	1	-1.80311
1	1	-0.99997
1	1	-3.08326
1	1	-3.17469
1	1	-1.17085
1	1	-1.00000
1	1	-1.46958
1	1	-1.02877
1	1	-1.00006
1	1	-0.99989
1	1	-2.73061
1	1	-0.99992
1	1	-1.00013
1	1	-1.40147
1	1	-1.56179
1	1	-1.03648
1	1	-0.99998
1	1	-1.00005
1	1	-1.48629
1	1	-2.06984
1	1	-1.48830
1	1	-2.39628
1	1	-2.26307
1	1	-2.38895
1	1	-1.24025
1	1	-1.44418
1	1	-2.14297
1	1	-0.99967
1	1	-1.84940
1	1	-2.49254
1	1	-1.64650
1	1	-1.98371
1	1	-1.00004
1	1	-1.00021
1	1	-1.09972
1	1	-1.43398
1	1	-1.27348
1	1	-1.47333
1	1	-1.05819
1	1	-0.99992
1	1	-1.45592
1	1	-1.65406
1	1	-0.99982
1	1	-1.08080
1	1	-2.31912
1	1	-2.57764
1	1	-1.41902
1	1	-1.00008
1	1	-1.38113
1	1	-0.99991
1	1	-1.00009
1	1	-0.99985
1	1	-4.04668
1	1	-4.04668
1	1	-1.00014
1	1	-1.00023
1	1	-0.99997
1	1	-1.79075
1	1	-1.00014
1	1	-1.03318
1	1	-2.16425
1	1	-1.73914
1	1	-1.14405
1	1	-1.00026
1	1	-0.99988
1	1	-0.99995
1	1	-2.29242
1	1	-2.93106
1	1	-4.48061
1	1	-2.88932
1	1	-1.00003
1	1	-2.47922
1	1	-2.44554
1	1	-3.16630
1	1	-1.51775
1	1	-1.57519
1	1	-3.09367

